2801671068
315674518
2434269214
985600536
109189877
1273889566
2676787623
2865835158
628625314
2942202669
3460283550
3439942565
2541904051
14460325
3598676333
2588783899
4054425910
3126257886
602255930
55501223
3898729286
1364817900
3353224196
1947801401
4188157575
797941639
73606307
2584652998
657559861
1407889054
912024834
987638585
3657180195
1699352887
705702115
2967412084
771106505
1477036071
2181677139
3559749816
202667031
234000234
694329384
1007341899
1653153036
1650395031
796286477
1416146502
564192009
2314016323
4209454535
1820206909
3153794860
125125746
4039999740
2962284683
1558690839
38943423
3895232063
3618592424
2926733075
3911880957
2090031157
1209371420
1194489341
567655065
2038531944
41670103
3836047712
3948677717
2898990746
3203320073
2831368182
2415891561
2042533567
666628148
1586934500
3179939659
1618319655
2893275196
2620076443
4050465088
1370395925
1805034489
847545532
3415536735
1276679340
995695855
97459223
2113625600
3912893657
1164114494
3431190651
3187116887
2755590093
3213637918
3846255215
562135306
4288458944
1273580027
1369586891
4280075574
2672356623
3120729509
2248043501
1463967893
1572242662
713526007
1326933118
4089858175
1810816388
3952075594
964697545
3000703884
1960182699
2332005944
2001643961
2890335278
287758225
620619946
1547065406
1279629930
1408337723
1944189198
2143530434
1700515218
3549895704
4255518553
741910506
786495569
123094025
453010121
4276547434
123485087
2087791126
512074155
3130267718
1104977158
3070412374
25016835
1047248971
1901559697
3993425955
1376990137
2163057221
2973576858
1371328003
1546381226
303365957
830549462
2982825929
1949586327
23488706
2649174042
3839471601
3874248909
2504279539
185702067
1739147154
3870273907
2511587245
1494135246
1822087939
492320439
2399650317
2746478381
4290826296
1621939668
3343080868
793041232
2188026620
1479749386
3407804232
4052311608
3949237082
3543646708
3808480305
1663484981
1715978089
431106446
2556927793
1467217693
938270069
2434024963
200620719
3076150817
3969781468
473260098
4249074286
2740908132
2030841564
3906934833
2157177083
442082292
3306835324
3846164689
1549989518
1812241969
488085080
3291683351
458232049
1855164534
2890457752
1855256406
1822226554
354417964
3944229663
2604402191
2407205143
2757747187
4080951462
2680181446
1967800681
2785247532
1217933404
4294394875
2856747554
2017290896
1928036623
1322355385
509056024
332972629
3101723663
2372980782
3899004839
2440483726
928162034
1638508359
3935805277
1925983395
2247775440
1245151019
2244176789
1303269058
2117019504
3708489063
18203258
1258845057
1897548268
42893852
3929706398
3868540703
3104002537
1426335734
5902768
2268801046
4184457545
3580742391
3555069713
5592584
672133555
2390832972
3810146627
1799942865
1860446091
786438557
1227626080
2288061898
3494245826
2446827053
857790514
3981653963
1414870157
404004116
235003503
669355921
1848870360
3701991575
496618483
4263490149
902065832
1442886440
2253700027
1684782130
2135234194
216790520
710457567
811996301
2183464577
2227070126
4043042001
3350451961
166437544
1852282876
1641678149
3051309402
449764598
2192893449
3028840211
1967775684
2329523620
1142108330
878740067
1975122064
4030497920
2597587775
848210261
4263466416
585184225
2036861389
2287698720
1047452162
2595050595
18070323
1899801860
212401194
1658641054
424893300
3899184961
2203217437
1262242840
781877218
2926769005
3094289204
4256224419
3439310213
2719189122
141034624
3725716321
4283935800
3369661443
3947384076
3716434116
3246852711
1268238249
1450323574
4265011233
2116949858
1264867593
4090506574
167521780
4192185002
864858386
903670113
1117156300
172093777
3851967302
687736275
4082187543
840995650
12353420
2507685855
3816357248
134292627
2296630236
1931168848
1558832842
1063003914
2586009162
3383017554
1624514662
4282391628
1772452963
853804191
1210563866
2453410347
1033573855
3363920163
3138669522
3938203012
2985740222
420071443
3145463810
1978445920
1043314018
1946341195
1122013842
2948116052
2840602491
1450007805
1361210183
3001785141
394225765
959969798
2546342480
896093462
3113601288
1900104213
952555091
4012678570
552737275
2010000619
2556505925
2657173968
2231482003
2542248440
4167214105
2223226432
1522728990
1754263584
4226070899
3451525412
1659875611
1129001239
3672907584
1258397383
406757498
262941250
3120230581
2022537251
1856689577
11242839
551544487
1012305470
3285225868
1103278573
574626088
3733461208
699421502
597389238
2370124817
830750539
178906834
2371197747
343913571
81932299
1674960569
1514107808
3952112138
3967108169
3996073557
2880627759
3083689183
980298859
1612507708
2405653260
620632951
1073697404
4006212291
562656810
3718734373
2681759479
1350179339
3757216923
3089630002
2681208301
3154400453
2060072585
36606829
1997409483
2007638468
1775866739
2337989186
791857869
3955750585
3063322104
517204937
790331204
1901671817
7857820
3135861037
2647879344
3016862903
913169814
3976927443
29208633
3874567093
1774829179
2994088631
3222112615
2263873363
4204403165
3890004442
1968171819
1720418884
2479738564
2678617129
1558959678
3393485859
1907137718
970854967
548286991
1448436583
3237142130
2613722532
2209538523
3454008284
960520949
1499688591
568339384
3477399057
2870213087
4108466609
3401732079
2815275614
823228322
149853889
2012673276
3849576839
4266839597
1519310588
3807407162
1287203481
1098290336
3863383200
2004180760
361053815
3068389642
1092638445
1107397055
570276512
3971885872
4078820893
3800845097
3725621791
2999388053
3234502773
1535389156
2971033275
2064994599
110454927
704669979
3098878371
1298301963
2866791741
2819596247
4030341080
461196145
2034543322
3309547741
1560249543
3003013996
634153819
157862312
1756847317
590836670
1017802239
3843294538
4101066198
3511308361
3196085233
89017735
1183946770
1432493112
3706346433
2121280348
1446356058
2390431743
1939724578
2198436061
2092065479
3136125058
2183509025
2928032860
2248913051
1523423203
795105098
1853289061
20973607
1125198809
24531851
607628042
871014459
1081377414
3034147297
2376739931
3105629203
2629807439
2780677374
2416482015
3560473437
2097413973
1697468798
3542717340
3531350809
1577698637
1283754366
3093211077
1318704111
576801480
1397054719
866768003
323184002
3385700534
3925561861
3892352722
1571499592
789800633
4107133953
447197087
3938104831
480426162
122622751
3872958329
616671234
4242424768
4072855460
4160986664
4145408248
803385785
631071488
3516212418
3265897293
3847561114
5584423
3653921764
1469252039
1476702021
2759928909
2871697945
2222751520
2004652211
2935694702
3224873543
4149854339
3711396262
1341136438
66424314
2206540264
3298197745
4149662326
2039641040
1279358750
2484202956
3582130707
2441573133
755666772
1604347528
2606925877
771935102
2035953876
2217429915
2066290186
2518052619
1138478150
2746604438
2872670841
3285414484
2633524186
2309954666
2048663476
226768838
427432214
3529881298
2696912416
2910076499
1859583883
3109101950
136093760
822275203
4257947042
3985356672
4080838516
2544657106
1569573427
1962439829
3991608113
920079696
3638405916
2578047259
2050563205
2653234945
3268233460
1161785132
2318636819
616828551
2510965892
818013706
4167495193
3031614054
3595266786
575320461
1496470159
3783794837
4038671667
2018370987
4140307219
354468962
4065732414
2565303041
620513728
376744351
3882539108
3276682561
2706271932
622889792
3763576355
1490611983
556299708
28958551
4176818005
2045536572
1165510976
2520439937
206500905
1371982175
3581302516
65553388
2638943586
2456635318
3308196133
357860511
1853650795
1367816989
1679662444
3685443681
2842264903
1461877423
1606702262
3073447848
2228761421
430844926
3954541900
3311497787
406681276
2387740396
4029487298
936752425
2571349111
3676768018
3917292564
2183359896
285490197
4051036537
2233753069
1441895198
3173696021
452860888
3036642472
4153775519
4260669351
1764605283
3650808184
1500631479
2990865238
3984461249
1516779156
1217597341
1408732152
2346227315
1784842460
1799452480
939544618
1051262221
1960531452
2876080985
1798210126
1930437582
1912577190
1901381154
1136585865
1862809201
1099120630
4150924709
4262556763
4016266836
2970454397
3084208007
1762032354
3478999379
1250948316
3980274137
113323043
2989730653
2330122000
544185706
1895883308
1875307698
3674316472
2027434361
1339278505
3336208680
2421553090
1809026980
1998446906
1314922651
4041065297
2510733871
3835695767
78515842
549162940
2965728862
151061599
895043974
4240927736
2114541320
1818740289
228791697
245356942
2250514962
1256048157
469840412
3150012448
517706314
2859051470
4264576203
1647017271
3157708897
2850870784
1178146574
2251073022
3139741716
621210285
3437708680
607354681
3756966821
3949499010
2394084010
2870052235
4007178724
3257193829
2321275360
1095065371
2853667083
752184665
2269275303
1213863063
1909315224
2539065721
2381420555
732609860
558733047
1459002726
242364109
1047578089
3445616390
1464089065
904078750
2377561720
3780882782
612143501
2944743961
922724989
1228720310
101837512
4214893592
406093010
1930029320
3553306312
1881414370
2727826523
4176934852
1653264823
1083798546
2015036907
2498164836
582055449
387165636
4091743425
349716115
224213974
669882718
3083258089
1783933190
4013404447
1982976336
174829741
2449259569
2935842699
3169749670
1278456396
990833383
2254185669
1879308850
3916999425
3936973934
2992467663
3274743585
2909141434
4239737083
3675884063
408589109
2780237404
2262661727
3610622903
1364394417
1226836063
1495096478
520486506
1805609349
3909295361
3834622361
815463150
3924878613
531256409
267541721
2602997480
3207434115
2886148246
1763899430
1599843707
2265667092
3296476830
4165155072
1480701744
361685046
802933559
320821987
977442437
1232318234
2231017749
1855936134
3572244766
4069489477
3319852321
4197176602
2223624262
1521598077
1301696302
1194071097
3993682827
1068377714
3171139776
2161793777
1234398819
2919050535
1120541045
4206978050
2220843012
2256723431
1362692447
342272169
1806687309
1548993502
2376249815
729347503
617864328
939327320
3159824787
3574350963
1046160888
853244398
3021236039
2356143449
372253572
1594267953
1317792625
566452142
1974785685
60481581
3844647701
1764122082
887492834
3245764596
1499459428
2961196387
3833623251
3049284623
3050307066
682327802
1246350795
639127015
969899529
1502196043
2932639077
428790145
215455128
1625476361
2640326193
3400196880
1198328063
1424487754
1281797413
3664260787
28190141
2379566920
3481689774
1371001324
2875304658
871905362
4029928478
3304470433
1079413693
3488361585
1433108323
855131004
3076204171
3097280061
2178572567
3554480038
2758276946
2678994032
1100259418
1255548341
1227293221
3019668054
410627148
3184077760
3867283306
4278024940
1302628631
3779995110
91603466
1969007869
722368629
1384431788
2943712088
1471431908
2818539126
4141822201
1025728347
112400442
3109967253
4243348737
1830604428
4078272654
410670600
1483158520
2653883012
4188587452
2016126054
1373422191
2307625918
2312999120
183836775
3405172582
1546453437
500768212
2257876826
1194144445
2869529038
245301212
2636403639
379951041
1258606076
242613784
4192578140
1859093959
2093772227
2519979066
3745313692
995752714
751910983
4051970111
1524172910
391044805
2105853098
2836776055
1115686201
2918532390
3630623686
3420731212
1507123429
4266137358
980472703
107808480
4245934786
1394824345
3734000492
2570849870
1671390414
2175570729
2266701599
872156350
1626339615
1174507707
4279149231
2416487777
2059301245
3583995150
3797868706
2420509553
1002128546
1677964974
855348039
4086040699
1033374419
4091808952
3197433724
1712376857
83521345
1407127959
509798579
1513812206
2083440258
4018874269
1067909278
376231352
3518881201
3858198626
3207942548
2116840657
4228008
2962835670
2343892922
102609178
745204180
2968236099
3457522341
751842189
521729970
542615553
2906375144
3471529729
1309222913
2729340806
2881070031
389252754
1776061386
1558771531
2051152644
3653999225
4204233178
1328533956
2301926418
3132440467
3321099398
2400776311
581783127
1196816618
740875231
976656201
3132851713
2760971025
447119174
65202748
766922652
384251830
3502551525
1488677779
1452090764
1847392804
968135003
2913961186
3183154189
1504078765
2235696074
96347547
3093014610
2711688052
2587321087
2335214585
862743537
2161102603
206211606
2822194743
3761888460
1563511131
3591506918
1214453292
159923723
1803953679
2901110802
2933460866
560655298
2975195674
645879661
2326811135
4070922313
2770804149
923845529
1301739104
3315558068
2826589123
472085137
3442558988
456547490
4205993383
2856559861
1470943963
2873150735
2058033250
2775900542
3409287175
528565084
2911087914
184452923
2837145559
3112026693
2008955411
605858431
4117590201
2061272805
1883182057
3766314275
1753590775
3292727550
1679735170
1767078730
2555527338
293968350
756817180
3342614441
1582595418
3327296207
2958283407
1994090399
976131420
834982029
3633187650
707994401
1218709779
2345421273
2948956872
4098463987
1775894367
316958555
1412466380
3456310962
2348261225
2663925512
3813585883
365762458
852251077
3885885457
3024794329
149865090
4226853026
4080931642
271059232
4177391571
2357938587
210483944
2608486980
2148853831
3476037307
1912827516
1330212412
3663694494
2249910580
219230631
3626842908
2677583906
1070086184
350127601
3540022206
3924128597
757813812
2168361685
2908196353
4281137470
3347229025
268730251
4192950370
1620273049
1494022168
1018160645
878695600
3747655886
1360752431
2845424415
3424257670
1420118085
2432639392
3662912030
2760596448
2064324475
3514745154
2521767734
977823830
3993897463
3243095334
1681671408
934021711
4134056417
1759056466
840922320
790215648
3819514638
2480950713
2070091368
3052065902
2585845582
545356145
2590388086
3781046918
314068022
1376927898
2283994212
1177348749
3379559896
4135412267
1107092183
2754570595
2008332656
620485776
934595942
2756211869
542494882
3308663707
888749748
2354683785
837809701
293897591
1407702082
2893582930
1692216841
2155887317
2214295751
1085249356
2043461670
1240727107
2278075460
1834504257
3619494971
2677325512
331250968
443138202
61782556
401648246
1174346805
880205348
252604887
936119718
238123953
2188323931
50058124
3203718900
1026427110
2682463156
2613250770
861521236
2878320775
3371583045
1165998403
3995436789
400267014
315522924
3321226209
1824564861
1608149920
2578685086
2071418459
3709973941
3052199217
4056422584
492415886
2666247434
612833820
4145018742
4285286918
3033006107
1842551098
560189473
2330417212
551825767
33939678
791520918
71071976
3044331994
1819689492
1870658313
2501030961
3314206971
596887538
985184174
105109689
3196822611
981690403
2397709821
787577392
3014197294
1069063304
3260407240
3156102920
3676354210
1669499207
3542260601
2031462903
1807475099
733493945
1786113447
3866229190
501844298
3583073307
2144388380
2928553649
1796732390
1982171072
2307176632
4144368998
1525025739
4274004160
1110379063
1643644574
2432964602
423034474
3299402608
465249942
3198568997
422863762
2901878132
2458009446
2790818482
4004624584
979177504
2844560938
2671090368
707649837
2258086503
3741058616
276219748
1995191125
2751923815
1057897622
86265389
3347775824
3998319188
1058593708
2746683135
2039742189
1835514370
3537649024
3247957102
3237783809
3566490660
551443469
3238995311
2110578837
3180432583
2635368321
2804067525
350963958
1820601573
673506950
1834443956
340273326
3445288411
966987401
163431779
928228556
366445817
4126456119
301172434
964714284
1007323650
2500323734
319014625
1474147218
337327294
2838305373
3578229810
2428292372
4059002678
1684989676
3081833080
1508116687
4027298978
2474347351
4205505845
465828852
2729172121
4140298028
3424393686
4114981132
1413806679
3815225386
2517006157
572579322
579572626
3185264629
4281420812
2869543094
3026460312
723209145
1199959093
2922823972
1424798685
987669043
1994751161
3994337967
3243342157
1249523409
1863134810
1165305097
3740443525
3701310205
1344850568
296946904
2572463132
2907423160
422749780
4114129106
4065522564
1911899746
2785256688
1686965928
4275253846
1015663049
4023056591
1664645984
228607479
2695930210
836255074
817705911
2206706184
635858448
2031811629
1340896866
2588576163
386439747
248918904
656960685
1063232598
838007931
1936922476
1777469448
3716346931
4037092734
2924806681
2950400713
3009582007
3914866388
2759875441
1981660560
2578595539
312149168
621864353
3614676666
1128063745
1592840277
4112243751
1690940571
2811170558
1304944382
2596260545
3126341387
3067193907
4266924680
316176994
1940337569
2427664407
2452982605
433135230
903454426
1244111523
3603264810
4050372326
3469384193
356668023
2145100914
3684739453
945152356
3472672360
1118566397
1259651157
2816106924
4067146769
3142182253
2381238189
2910337728
4118617356
2836713891
2012520833
3248035366
3890745236
2410319469
4224106054
1151895122
4239610725
1292808117
1107633108
1814769784
2498308835
3633856120
2366847418
1091817944
701670936
1201346765
241822099
1145168310
197405868
906493184
1499925137
4216968031
837075552
1767314908
2722597927
936861226
1288375267
1557388765
1675001762
397536908
1244354092
2554647210
1472485239
1261460727
1369053659
4010507958
449495433
3867521105
1413412044
3435603830
4205536124
738220669
562031435
648084915
1478793048
1442356085
3537474973
2842861795
2198233947
812192806
2623804210
2998240963
3290715526
346895488
2316716645
3900416657
1128693871
2499142154
1554432290
783181269
8349338
3218616086
2450271944
3880379408
739487757
29505512
2818359748
25365956
822465320
533004858
2007658365
2411787180
1090279884
2579689957
1893650437
3973677619
3639791411
1454467254
15323792
320257023
2543285166
3744624700
1220040500
2809357199
3175314267
3749564103
2582209580
2130461306
1102828038
4106313853
3937676485
1866237620
3053818860
3414680969
806904811
3045949809
2167198346
2145648694
140511843
347046109
1629060453
3821516393
4269162136
3488929879
262560110
2336114816
1427930944
2953233190
1684714875
4212694918
4151019200
822940605
2167277468
3006824573
4036493769
1711553812
2792099888
3029735321
3575192681
3908077165
3466906339
2121521234
531083195
3213700648
2527236181
3310227233
1910796636
648073820
2657509295
3666478819
2520996556
1161834774
299076315
3597258380
1485099502
1487623057
4113627256
3013723144
2180254106
3077300738
1209140815
2861039477
4028107606
3617513833
2851409337
3608703612
795435141
3838746703
2731480675
1021521939
2569964424
2261894270
2717377441
1594338348
977733893
2955755241
3859193911
122986721
3171291313
3201000362
1281225117
593741120
4108613347
501041595
1820907543
2740879028
4111626615
286399553
3394172178
3561339783
1497850302
1786324455
2053056951
2059259669
3950625695
3433076161
2499402903
3916294355
3845051140
2729011402
2835470164
1757978637
2017413683
2991933072
4272040818
1756105710
1092177794
2162373546
3487663819
501653390
1529744677
399922947
1381431346
1363094927
3586129110
2836144371
1236589187
2685213104
2856739885
206506713
3596098382
618347187
747777444
4270511121
2341273361
925599567
4043849072
1434225742
3566454856
3781578653
4213536276
337743019
1781929066
2823145978
3871236184
3546825433
1217945502
2359343557
3743263373
3554466312
968783380
2909650650
3781884393
2821120703
2967524339
276628745
1205464089
2546229821
2737425916
963386055
3380631193
3510468039
4060740878
3929644755
519071724
2602126749
2699653406
2026457517
945963468
382684549
543440899
641566703
480913387
2707464449
1189182366
1673732940
1753205699
163050543
4041246788
478759082
2757581200
2348719924
189668032
707064116
3554551940
595120931
1205134243
1115997284
482924521
163095591
3884937101
2586073332
1406048155
1786061802
2622138690
2955261694
1732777772
1043744382
2038715975
3134328758
1275783491
938186769
934778642
3825705422
4181303215
129986156
3014709381
3345740444
2999587232
226356995
2632877755
1637283819
3607403486
3080960452
367312571
1539226865
1339726453
2672635735
281575025
2331343119
1581373096
828066110
2184700216
1752082044
1541270488
1775561601
1383402291
2989077575
2328969083
2278368529
3833238818
2030932529
373180898
1385427583
137786928
966577951
2819214208
850639246
4003587482
4034908747
2160313196
2684110437
478815561
547699022
2036511994
2587619510
2107996564
3946659261
879501309
1282108573
1883454779
2801445500
3026341773
644281416
1158465167
3107748315
2065372924
303857777
933393807
2927985939
2971035613
2193561355
1460742332
570952941
1063118224
4042235551
2344149473
2480214917
641484202
2446425369
523697085
4021845213
1770433854
1079399018
4001789197
1552739557
413070778
10122871
1211243248
2454173636
3981138923
3457380989
3386754143
4190115432
3635273635
2654308392
1542035
1397900998
885164038
3922102893
537449987
2760866094
570971973
3148658009
295394625
2519072648
693010311
154542899
3658922048
542804389
2054223236
3841547620
773083562
2900849792
3770384592
278441815
1438800247
942847161
2949343069
1584841875
1636631517
487394431
1079167602
2775489545
3952756757
1044439826
2816726140
1104396874
2990464287
3249561434
3363497487
1782689148
1681252793
2326164005
893189185
803807670
3288723492
3569782001
1095408734
2985464273
4173212099
3656977000
2566009823
1155882157
4170694523
1833635965
2414861878
880140396
1239927470
3041457630
1420556025
3735153455
2405115129
3276070852
1999781036
4150016596
548648797
3726691089
768783266
39711186
467489544
1751959034
3131678241
1145721155
605494868
3502778467
1641711308
2091912459
130803195
384705028
2246116128
851504363
3104281712
987519248
1499479361
1884003363
3616343623
2718775253
2742574966
1435960131
1212570123
3602670695
86308947
3988356395
2888291375
8968222
363980789
88546508
518272932
466677943
315964302
1369892652
2161058344
3889442628
2538211217
691856039
3785548215
3657299650
3339570854
4158226630
274533387
680538093
2096535213
2013887442
3155077885
2819585197
3039887672
2963520678
752897879
3451571386
2759733064
2211021221
2446249542
3663765638
3986641637
2159231113
1632809133
2259852512
3792176509
1338820014
4247105450
20714601
918659792
3895852769
2572884029
3016196465
2986744448
371066527
3674076181
4068127331
2539466214
1633248533
4242753069
1611008477
441639743
975071957
1632143786
867313612
393496219
2310650433
1048381782
2042768288
652430615
407425240
2211687996
875476268
1215162737
884999492
409218665
2171881567
1449477191
3687361077
2203909383
1162878791
1711037232
2499353166
3922047462
293718514
1512819619
3754657379
3762757878
3523191143
2510989040
2560167864
3964308630
3454808362
3590525369
3829783613
3239377266
1720880092
1872098200
4217259101
1604471162
302937124
3000763232
2451667836
797348080
1972524806
428623793
1080302263
1851463014
1175412112
1117797791
3447809079
352366090
434497710
3106188850
2692527331
1494895693
2025435274
3501491508
1670570624
1949496704
2249697818
3728306451
3493161281
3283678731
3008611641
977895296
441620507
3665689446
2533572681
3723066880
3952991188
1893505276
2900569681
23037723
1492663263
117694553
2802132802
3769542739
1592993135
59585974
1271902357
2935389840
204665896
4260803303
2397758752
3744732934
2814402290
3175286819
2369157968
2544745090
3296780688
3309506404
4239772800
3437198128
467286140
496697380
1428488366
2669894072
245420147
2590922385
4103746712
3734736595
1267145664
3827401086
365527759
1538874878
4291995111
3486313168
3177924692
3586849207
2495185386
3841248349
400391443
314040765
397081276
2878926002
2819472497
1918700045
2598782229
1984120111
3593203554
3582205077
528501734
1264908609
1757707034
2819462370
20121267
3856030921
1174831952
3727364463
3769795530
688159889
862255374
3790863471
3119183807
601347886
1558412422
608517386
1174304370
1915150189
614638884
4103924924
3932804010
511879773
299946982
1286249673
408000667
3536531509
2100382160
4035397862
3552584962
1832740836
3130305365
2436180430
3851094200
1339225833
2671549395
3702253522
2316821344
538658815
3772310807
868989164
3026859414
660481525
2365072810
468259124
689840164
1496483534
318700911
996752954
429984122
1661553203
2923278014
1939486989
3664210239
1749988301
1428336838
3553408098
2045303559
4056339844
2479649601
824987052
551148504
507317483
3501321425
779886749
3608559427
3080412699
71573973
2561115088
2982234296
1543269353
67033587
3002462194
2665128596
2634591625
3154367605
1153749338
1177203419
3838371182
3745811061
3247452599
1584125355
689734331
3309117632
3930565222
4206445153
3457728914
1550351043
1580672161
3199464529
417524509
673596806
3303423870
924180523
1168125389
366908161
2629383682
2433956934
1617204939
2139254605
3572434535
2122545859
1019403493
1154189727
3220358905
1383937233
451314747
17547759
3909509606
1372815834
488830263
2374672474
3485310287
919093424
296214532
3521085526
55073874
1711757071
934762056
1998312814
947278540
1931148966
10361857
804913190
4053561871
1219124052
3179981537
1981625748
3257270404
751756220
4105753269
2155693696
4230058319
1233993509
3377458105
1150226861
3732250560
3213127479
3637536169
3715035289
564256659
2692163801
888901117
1582075214
2864484229
4203792770
1962123664
2332386627
3043167768
1937523639
26218215
288549551
1041813814
2407112193
4002991828
2146042792
4131784714
1265848532
1013587977
374264880
3283917380
661660398
3100976484
533917773
80185393
125674524
1405820442
312881758
55667705
559959295
3383633335
1612531688
1790935259
3793480725
4063359669
2080317129
3739300564
4179571188
4184600134
2259280941
4133683762
589715271
392247087
4141572143
1902764091
4052176728
2847648350
3843631110
2805360120
1254454829
1848634476
1570441003
993857672
3662807627
2633322471
1730364075
3572829640
307870462
3471144981
1298051452
2918468450
2807781430
3139423250
2060504227
1543194439
1215633311
1313080794
927855013
3306034112
2516342712
2404193216
3377124058
3978356661
3643466358
2190721948
3884831003
3226117517
2261948049
519386037
2038081264
240442810
2010382451
2286938164
4249360008
4062145920
2877791527
1365206573
682994024
454460746
517206138
1523411033
3152743200
3065226988
840596578
2819267819
1708224488
3131850961
2387423004
768053626
4069725589
3493401729
3590876021
992955076
2367915893
893649349
2124817377
1537380794
723998854
1104787810
484190149
1443559261
3690390431
2548058004
1539427482
1140758666
4022271287
2316875245
1223273119
4002332604
501801710
3665400773
357564132
2423128528
1606888168
3489599777
233036534
2248540347
2624002177
1225383747
2856501659
1670876404
347975322
378844335
2368982353
3243393042
1887490223
1086677061
2958427820
3710412816
2228740318
3839015419
3943949590
4005880767
4274213714
352402479
1667442763
463360147
805922756
4248523506
2844645171
1238304437
3815933782
2570916227
2793214207
4236178867
15039843
2656568095
4214600093
3057389213
645068117
1946239506
2065135416
2321382326
636770817
665820525
201041515
702252264
3153573561
2758952108
1422394011
2951965126
1855845173
587621796
2545715553
320253672
769057061
3294229505
429054783
3304276144
1703129766
1655288873
3371179496
3294318951
2724427920
918214301
215861787
1908648013
1153403750
2253611805
1654214923
1211733463
2958702525
728121172
1891896414
1494183926
1914065306
504746128
1534821343
3339198162
2477751559
3088662081
1996175150
2672671091
687913827
453218442
1114365918
1318887151
331553819
3625351843
1234171655
836517859
1784493745
3814362859
933450496
2904856438
1576313732
506964353
2714079248
2091705787
3030639121
2987245397
1693296279
2164974582
3237005104
2731701499
3881297791
3689867617
2604712612
2201614715
1829437260
2261940535
3665346259
3263946761
732060986
3310490366
1470336182
1263701268
711609469
2004425113
3345251788
167601381
3997986383
1932244374
3839751187
2876286626
2606584898
4125979139
2315125551
1507261714
3499616281
372556979
3256170697
1683182319
1707075607
3872448033
537118851
316795961
717986468
3718878951
4025783248
3343787701
3148936361
725134165
4063827761
5185459
2501882854
1636605749
2885795345
118182724
2441793387
3470520071
3627293331
2223858091
4250907973
3535834775
2981671358
836845652
2672418399
2733740955
1784168237
1007552653
1186113352
3807166170
1769663153
3902811470
269552870
3784374465
1788244778
1068783851
3504802104
649014824
718726186
3619607959
2872780339
2057089026
1804154520
1946838167
293986048
3236448294
4192153948
2136811979
2904480211
2607857917
3228167483
3741280487
611097953
1192463675
2005437168
2307131130
1029339948
247703868
4009533693
1023180522
3521671386
4126792631
1465883447
1844141121
362290350
857408710
3203474132
1703664606
349286434
176198399
1417920757
2443954184
3249377742
4092441445
3353882856
2522122484
2083431548
2941903107
714695102
974061757
2564337589
2713212139
3036330016
1235906523
47708451
538775320
2165353145
352899991
1663040232
2467491077
2107471443
2910575988
1210644503
3546978860
875552002
4196629239
1776587754
2748062592
2450607860
2263466910
1078653347
452521804
1152400942
2835124761
2325957415
435037158
1421780494
3170220169
1975411732
2660993383
3390222958
2103744706
3422748064
4129096634
3134796950
2062288798
2905399222
827046405
3208335635
2617579734
3457051852
2054742292
461212509
1675785150
3115278788
3296878652
3501987911
2911339020
465740380
2734249045
633122392
116769343
1545056777
1968566713
2541790853
3347551270
1462695585
3539511816
3642031636
737032909
869134012
2640777746
1392269525
2109369909
1795634228
1112999591
1623438680
4130600033
2054461553
3802032503
4037603988
822076673
1723367279
794891092
2283946714
835770359
4244685425
2452922212
3541938535
1840843174
1162051500
1971744085
1720974677
3430898002
8342614
2944798147
2162168330
4187255265
504134508
1902173908
3738964504
330537319
1493315137
1706798364
1163619123
2105412920
4012848538
2235335035
2806026660
638397459
2084983071
3021079898
1596535073
2791380457
3634983384
2376122117
642323795
3362018472
3487647826
3044676513
1678420089
619796344
1258797789
1339504302
356804836
2442653035
2280014636
4179918072
1539129695
3889429765
418928912
1411713470
2256293537
42977085
1350174299
3360020198
2369375817
1114434044
44499790
670985627
991126242
3563660718
2929393353
3952306599
805337487
3086866453
2136569525
3865574066
244048331
989004758
262442584
465874890
2142312862
1860384071
1266408157
3100076064
1679128351
702756838
3238524741
3441030701
2319355172
1953113396
3121410788
747266320
3631788997
3250337373
1435225240
3738769349
1518888178
2298871471
3817815768
307321265
1589573523
4114334300
2413107025
1177072005
4199706472
84333707
391091625
2167954586
705315095
2087814165
632707003
1947379253
1960689399
700278701
1196474797
4291219820
2509157945
1593868413
4188053286
3052300237
998113223
248966987
1434980504
3340656454
3269655775
308765619
1070618662
4196677390
3045853678
927780729
331110295
1514107494
2065842260
2673487384
3237104359
1608355691
206155048
1526307622
2279410544
971555888
407082148
1790569537
3642906952
167482541
1383227618
425501809
3785678872
4240236595
1526875663
2554599384
2417264007
15252610
2959755094
544250998
1609024745
3539084047
44252253
257344511
1662350413
2840734552
73249299
210040394
1932024090
597528177
1800074043
2461304815
759638469
3870380164
167351419
2461800497
2864396204
2058379708
3357133628
2560552467
3892295010
55907302
1670900584
2579421146
1397365097
1985600427
2089092692
104523702
2986123858
2218876654
2541796400
4194588544
2248339387
695851568
4219548084
2923069564
2021017644
2298725230
3215488359
987831457
394475868
2557729145
2203217723
713809105
4235907111
1138000868
800267235
3752214926
1791263159
2988078520
2241182002
3905328833
153174816
3214354882
298356661
650752536
3924331566
3193380112
1748663690
4061369193
1303164140
1533019824
1329637694
2149918238
4191871756
3239124522
788955581
1045139653
207098399
2453220684
3320798729
2160953959
656396142
2277565520
2964698331
1518298970
537634858
3928603729
2396984642
351898803
3502621330
1618152697
3515330294
2480533138
508394954
2912810831
1661618196
3090363360
4013343124
1681012077
720703133
926328303
92352231
3337414532
3384319565
3838783542
2466267456
2841812798
3025042155
2230155473
784845151
715239262
643704112
60625684
1941982271
61056179
4097094258
3608249204
1067154884
2618232468
2116419105
3920817151
516368573
1175129433
3713136981
3807263301
2853908407
2319119465
2336465192
2314852094
3436763857
3903938667
3381280742
1200573728
3441900892
3495922406
1636171908
1702877912
1560409320
2933380330
1041196428
2450473927
125506561
1168257593
3332810393
469534388
1131886642
3236057333
494580838
3886106116
3214512715
123757213
688878974
1467274645
2810569080
1976305224
1168178818
1436474008
1227164820
2269920240
4290964615
215841517
3555061708
4173109067
4290613869
2529053090
645064400
156193863
3781193809
3063640907
896476237
1866199322
2508136246
3338230445
3521349342
927003290
2840461877
3907768793
4208937574
715386467
1827829400
3958044344
3834921019
1080450281
4151989342
3584632776
3047122141
2031196894
1998629880
1912568224
656835845
594582551
3891844440
2689823045
389538433
2278088692
2214130978
2910595321
800250911
933413129
3057468015
1685732158
1230704200
3486806175
1881778066
142554616
3664494042
569121137
2629929444
1133900097
1003805226
1960125859
2882719130
4282495108
2810293393
3445317822
506706015
3722602469
43048700
2389018043
3963347889
3993386847
757905447
3313663055
2239879981
2608153132
2885591706
4046666744
3805915423
4285709109
4224245189
3189731361
342755057
1264700379
2552392824
1997919869
4249143657
1582708501
1321161675
4067915558
2113287083
3799371194
1375444523
3623942928
2132489674
3979238957
1623152954
188357616
1659844173
1806198330
3776181072
2832453294
1778482714
356812576
4132067432
2619953590
2954206599
1296395930
1357470419
493388040
1533191555
146169565
1484008267
1365605449
677765259
2457397799
822786200
1382858105
4164847274
3917872839
2388733879
1434207941
1234105750
752100238
1215683133
433317016
1761857403
708118002
712539747
3579985812
582543026
1878224618
356915812
3235305569
599998793
552939556
1323426395
2559090789
1434989826
1200237512
1316909669
1545210241
4269704917
49472696
2206930133
2019684665
1855814853
1742791770
24960239
4241636865
2213432893
15434177
3885671537
1460131295
3980294000
926129195
1757604718
2014208894
2736838866
803470292
3780251643
2606512829
1690542306
2860454852
2184535491
36916943
3329110952
2769349626
2240022297
776012036
3877484659
4259672971
3072888044
2627366939
2621505035
3407039725
944126188
26180089
974760122
1372681372
2417257596
2272180036
3929525619
388707293
1083661759
2122980409
1515533971
960744282
168565442
454527350
4244343302
839588739
2996608517
3100669778
3625577044
3347279165
1442312620
1134052655
3727536947
2745445243
2996216853
3616099533
285688050
1424685746
2291613176
478313652
1010202722
622339432
2848235250
1532069867
798998116
3068817540
4016834881
147864675
283320143
3316584323
244338881
1236051125
3936865132
4072745217
3542304786
1150282675
2721355814
348740862
4049569289
342744526
401367829
2371035386
2487773336
3163283770
820751325
1444775710
2001226193
3641941361
3629395495
2164754262
1845800503
2216326661
526243231
3160293378
1683866937
3293373950
397374758
2730746107
1678596302
693115807
4044936566
3113862065
3604838940
3620853920
2331866464
3472837170
2252391053
1137918194
3747306968
742777616
3498057072
3289314434
3294601475
4270473480
3478255110
3754312045
3736551443
3918043118
3476879186
447783251
1321266607
31410027
3222239539
4097325060
45353439
4038711022
579086993
98932030
1438735811
3517459656
1000047396
1124399918
1306066919
1896910783
368132518
2604077091
1184868667
1588892199
2376128051
1401561600
3916783567
3235991529
3759082009
1079346453
2984282141
1196988774
1523469624
3043046980
4035336371
2451292523
88560894
608729049
2482449760
219861920
1356428204
776774361
3313530996
3120678171
2095874857
1927529820
1565364048
1270218147
805168812
2843786916
1706047276
260576318
1427504727
3179299770
3170449465
369585188
1115349092
634219791
1949185593
4144052616
11233781
3849231360
215416649
3572782372
1727993355
2230171000
1317244778
796459106
4168301418
3749496465
3984556937
1571534079
1213669299
1016076920
1850036418
3988019883
3865665726
2617410392
3384727940
2708698403
1898990013
1705451938
1418445678
1253239048
2198430879
3693051038
3176355323
2389362080
1465733427
2552202048
2696164791
1348502741
3614573519
2114224970
661959314
147795178
162170991
3892974863
179868896
1539516532
1190609557
4107122498
317953401
167481611
1940710793
101476880
3351562964
3422384591
1145840637
1638064550
1138343933
2077222401
117753655
3648180910
3258034506
2948836615
3097416829
492015954
4147566544
67838217
2087741093
3387435945
1981493962
2733518859
3659949441
4203362966
488033959
3468313301
1146023486
3869404705
2707356897
3975387755
3800822100
1039538563
552975444
1970489419
109087907
2734242890
2240592471
4074869609
2203794539
4138022648
2990431433
2060357615
285812231
3621736210
1190936073
2143361171
3103793133
4187446767
2610562392
2875347028
3934992869
440175874
696225747
1336248107
4190079752
2522313866
4105438367
1918538355
2832343531
3883657095
1922897278
2552779190
2339240297
1012208421
4146782676
1300017036
3552600960
719892488
4275755327
3510847329
2567507808
742822407
3155431701
2067310216
1219775431
1753068409
1396769554
2068645882
2229889148
968304756
845132162
2773685926
3724466934
2683638617
2890284938
2744539257
1411866197
2527739193
2226770474
1710109430
835848214
1904147787
2892083614
1569865385
1255012995
37764980
2543090236
4012308123
4118198295
3195076417
2687514738
3811490607
104072308
2790745116
1223688373
740670412
2406823194
161597898
2617057579
3840937474
1141272056
3793109273
939823707
1779200212
1456083815
2662068185
2567681559
1717006772
2642224202
2887805620
1596278756
2143923429
3510395741
3938188420
621884173
4025358940
1735539937
2574368198
4256598420
1812266832
2159410540
3833327060
1895407645
2392861426
2571877781
3623079676
1864901735
2304570335
2462610376
588012051
2245524657
196235409
3917497450
1541670006
3439015097
2118750985
3389238485
891065531
1013789224
2519580724
908394839
4191667335
780232788
4016070026
3357747215
3557356571
2910368203
4047688598
3408079498
1085801473
3266943720
3372717465
1174649059
3870726373
3718596631
1718722635
1306943116
1144548785
2532929811
2601082938
507686112
3965268068
441879625
3933795491
305900445
3030336488
3784455445
1116024367
1708604719
1395232439
2969315615
1978462546
2982830939
1808650224
3566314455
3172963800
4071276457
195612247
3732542307
762428611
667941514
2460977535
1646747758
734316927
78215155
3896078671
3053637367
4248802861
2577276176
1559013807
2519308721
2961845178
3956676315
2762253578
1907803044
2377485297
2004547444
4100995492
815110480
1601867323
3536637419
2119079837
1369686596
358359398
3402373353
3767153407
342532393
449468300
324354477
2739375386
4047614392
4085595730
4107108841
397653093
177679580
1435372990
1564801910
1694870896
4081445565
1608586519
4257715358
1116637644
301283060
1306502827
3486461537
227948844
1886771684
2073923806
152265124
1567143791
3306725611
803122224
4192009841
773979857
2732231691
111045093
2662058670
255217731
1708528822
3176181523
2311389766
3383855860
1689531338
3688246340
537053716
4284994068
2102763959
697168985
2376718090
1763943574
999570058
2413472636
1422298139
1291509097
957861322
533388040
1523841866
970383877
4229180296
3563382921
3240583745
3309505030
2504672220
1757561432
3864273294
584663872
2290012100
3709707321
179727458
751292739
3124241927
694394205
3051188330
512294241
435382916
4155544427
1224096625
989528131
1087305934
3172272103
1995216974
170921357
2579014297
3038343942
3866118857
1891739823
2074301151
276099190
3717520568
3428651614
1705306952
4278874639
4044738712
891251756
1342339899
3593855589
47440871
1164416250
1733896540
272649945
3059036493
482292965
1711875398
414503219
2515690443
3510629765
645586174
3681632018
2132435336
2366453214
2852701861
3373945610
1106401416
2901110644
1368552964
78853953
1436961721
3384292376
3554641741
3841904463
531168704
2317803024
1691954442
2726460021
3730541068
2676584253
409562301
38636410
2836701488
2437455403
671497825
1466905056
849791531
280604960
3515609735
1910619162
2031303103
2155342189
2726347553
3182772254
3124006461
751079489
